MgO-B1                                                                          
 Bravais Matrix:
        0.28868        0.28868       -0.57735
       -0.50000        0.50000        0.00000
        0.33333        0.33333        0.33333
  ATOMIC POSITIONS:
    1     0.00000000     0.00000000     0.00000000
    2     0.00000000     0.00000000     6.84874050
 PGLSYM: THE CRYSTAL SYSTEM IS TRIGONAL    
 PGLSYM: ORDER OF LATTICE POINT GROUP (NO BASE) =            12
 PGBSYM: ORDER OF LATTICE SPACE GROUP (WITH BASE) =          12
 PGBSYM: SPACE GROUP IS SYMMORPHIC
 PGBSYM: SPACE GROUP CONTAINS INVERSION
 Symmetry operation           1
       -1.00000        0.00000        0.00000
        0.00000       -1.00000        0.00000
        0.00000        0.00000       -1.00000
        0.00000        0.00000        0.00000
   -1.0000    0.0000    0.0000    0.0000
    0.0000   -1.0000    0.0000    0.0000
    0.0000    0.0000   -1.0000    0.0000
 Symmetry operation           2
        0.50000        0.86603        0.00000
        0.86603       -0.50000        0.00000
        0.00000        0.00000       -1.00000
        0.00000        0.00000        0.00000
   -1.0000    0.0000    0.0000    0.0000
    0.0000    0.0000   -1.0000    0.0000
    0.0000   -1.0000    0.0000    0.0000
 Symmetry operation           3
       -1.00000        0.00000        0.00000
        0.00000        1.00000        0.00000
        0.00000        0.00000       -1.00000
        0.00000        0.00000        0.00000
    0.0000   -1.0000    0.0000    0.0000
   -1.0000    0.0000    0.0000    0.0000
    0.0000    0.0000   -1.0000    0.0000
 Symmetry operation           4
        0.50000       -0.86603        0.00000
        0.86603        0.50000        0.00000
        0.00000        0.00000       -1.00000
        0.00000        0.00000        0.00000
    0.0000    0.0000   -1.0000    0.0000
   -1.0000    0.0000    0.0000    0.0000
    0.0000   -1.0000    0.0000    0.0000
 Symmetry operation           5
        0.50000        0.86603        0.00000
       -0.86603        0.50000        0.00000
        0.00000        0.00000       -1.00000
        0.00000        0.00000        0.00000
    0.0000   -1.0000    0.0000    0.0000
    0.0000    0.0000   -1.0000    0.0000
   -1.0000    0.0000    0.0000    0.0000
 Symmetry operation           6
        0.50000       -0.86603        0.00000
       -0.86603       -0.50000        0.00000
        0.00000        0.00000       -1.00000
        0.00000        0.00000        0.00000
    0.0000    0.0000   -1.0000    0.0000
    0.0000   -1.0000    0.0000    0.0000
   -1.0000    0.0000    0.0000    0.0000
 Symmetry operation           7
       -0.50000        0.86603        0.00000
        0.86603        0.50000        0.00000
        0.00000        0.00000        1.00000
        0.00000        0.00000        0.00000
    0.0000    0.0000    1.0000    0.0000
    0.0000    1.0000    0.0000    0.0000
    1.0000    0.0000    0.0000    0.0000
 Symmetry operation           8
       -0.50000       -0.86603        0.00000
        0.86603       -0.50000        0.00000
        0.00000        0.00000        1.00000
        0.00000        0.00000        0.00000
    0.0000    1.0000    0.0000    0.0000
    0.0000    0.0000    1.0000    0.0000
    1.0000    0.0000    0.0000    0.0000
 Symmetry operation           9
       -0.50000        0.86603        0.00000
       -0.86603       -0.50000        0.00000
        0.00000        0.00000        1.00000
        0.00000        0.00000        0.00000
    0.0000    0.0000    1.0000    0.0000
    1.0000    0.0000    0.0000    0.0000
    0.0000    1.0000    0.0000    0.0000
 Symmetry operation          10
        1.00000        0.00000        0.00000
        0.00000       -1.00000        0.00000
        0.00000        0.00000        1.00000
        0.00000        0.00000        0.00000
    0.0000    1.0000    0.0000    0.0000
    1.0000    0.0000    0.0000    0.0000
    0.0000    0.0000    1.0000    0.0000
 Symmetry operation          11
       -0.50000       -0.86603        0.00000
       -0.86603        0.50000        0.00000
        0.00000        0.00000        1.00000
        0.00000        0.00000        0.00000
    1.0000    0.0000    0.0000    0.0000
    0.0000    0.0000    1.0000    0.0000
    0.0000    1.0000    0.0000    0.0000
 Symmetry operation          12
        1.00000        0.00000        0.00000
        0.00000        1.00000        0.00000
        0.00000        0.00000        1.00000
        0.00000        0.00000        0.00000
    1.0000    0.0000    0.0000    0.0000
    0.0000    1.0000    0.0000    0.0000
    0.0000    0.0000    1.0000    0.0000



DETERMINATION OF POINTGROUP FOR ALL POSITIONS
MgO-B1                                                                         
            1  0.0000000000000000E+000  0.0000000000000000E+000
   0.0000000000000000E+000  0.0000000000000000E+000  0.0000000000000000E+000
   0.0000000000000000E+000
            2   1.000000000000000       0.0000000000000000E+000
   0.0000000000000000E+000  0.3333333333333333       0.6666666666666668     
   0.6666666666666668     
            3  0.0000000000000000E+000   1.000000000000000     
   0.0000000000000000E+000  0.3333333333333333       0.6666666666666666     
   0.6666666666666668     
            4  0.0000000000000000E+000  0.0000000000000000E+000
    1.000000000000000       0.3333333333333334       0.6666666666666668     
   0.6666666666666668     
            5  0.0000000000000000E+000  -1.000000000000000     
   0.0000000000000000E+000  0.6666666666666668       0.3333333333333334     
   0.3333333333333333     
Mg        :   5 Atoms, Index   1 to   5
            6  0.5000000000000000       0.5000000000000000     
   0.5000000000000000       0.0000000000000000E+000  0.0000000000000000E+000
   0.5000000000000000     
            7   1.500000000000000       0.5000000000000000     
   0.5000000000000000       0.3333333333333333       0.6666666666666668     
   0.1666666666666667     
            8  0.5000000000000000        1.500000000000000     
   0.5000000000000000       0.3333333333333333       0.6666666666666666     
   0.1666666666666667     
            9  0.5000000000000000       0.5000000000000000     
    1.500000000000000       0.3333333333333334       0.6666666666666668     
   0.1666666666666667     
           10  0.5000000000000000      -0.5000000000000000     
   0.5000000000000000       0.6666666666666668       0.3333333333333334     
   0.8333333333333334     
O         :   5 Atoms, Index   6 to  10
number of atoms:  10

 ATOM:           1
Mg         operation #  1     1                   
Mg         operation #  2     -1                  
Mg         operation #  7     2 || 100            
Mg         operation #  8     2 || 010            
Mg         operation #  9     2 || 110            
Mg         operation # 12     S6 (-3) || z        
Mg         operation # 13     S6 (-3) || -z       
Mg         operation # 18     m (s-v)  n  100     
Mg         operation # 19     m (s-v)  n  010     
Mg         operation # 20     m (s-v)  n  110     
Mg         operation # 21     3 || z              
Mg         operation # 22     3 || -z             
  pointgroup is -3m (neg. iatnr!!)
  axes should be: -3 || z, m n y
  z-rotation vector:  0.0000  0.0000  1.0000
  y-rotation vector:  0.0000  1.0000  0.0000    2
LOCAL ROT MATRIX:       NEW                                OLD
           1.0000000 0.0000000 0.0000000      1.0000000 0.0000000 0.0000000
           0.0000000 1.0000000 0.0000000      0.0000000 1.0000000 0.0000000
           0.0000000 0.0000000 1.0000000      0.0000000 0.0000000 1.0000000
 ****** IATNR IN STRUCT_ST CHANGED TO A NEGATIVE NUMBER ******
lm: 0 0  2 0  4 0  4 3  6 0  6 3  6 6
 ==============================================

 ATOM:           2
O          operation #  1     1                   
O          operation #  2     -1                  
O          operation #  7     2 || 100            
O          operation #  8     2 || 010            
O          operation #  9     2 || 110            
O          operation # 12     S6 (-3) || z        
O          operation # 13     S6 (-3) || -z       
O          operation # 18     m (s-v)  n  100     
O          operation # 19     m (s-v)  n  010     
O          operation # 20     m (s-v)  n  110     
O          operation # 21     3 || z              
O          operation # 22     3 || -z             
  pointgroup is -3m (neg. iatnr!!)
  axes should be: -3 || z, m n y
  z-rotation vector:  0.0000  0.0000  1.0000
  y-rotation vector:  0.0000  1.0000  0.0000    2
LOCAL ROT MATRIX:       NEW                                OLD
           1.0000000 0.0000000 0.0000000      1.0000000 0.0000000 0.0000000
           0.0000000 1.0000000 0.0000000      0.0000000 1.0000000 0.0000000
           0.0000000 0.0000000 1.0000000      0.0000000 0.0000000 1.0000000
 ****** IATNR IN STRUCT_ST CHANGED TO A NEGATIVE NUMBER ******
lm: 0 0  2 0  4 0  4 3  6 0  6 3  6 6
 ==============================================
